lat:32.715517430877604
long:-117.16198769308843