lat:32.71519361080395
long:-117.16259665228019